请输入N的范围:1<N<5000
请输入数据取点个数:500
请输入要保存的有效数字:6
方程右侧是否引入最后一项修正项?(N/Y):y

=========================================================================

N                      N!                    Appro_Val                    Differ                  1/(Rela_Differ)

0                      1E0                       0E0                       1E0                       1E0


10                      362880E1                       352106E1                       107737E0                       33E0


20                      243290E13                       237840E13                       544970E11                       44E0


30                      265252E27                       256609E27                       864384E25                       30E0


40                      815915E42                       810639E42                       527617E40                       154E0


50                      304140E59                       296243E59                       789782E57                       38E0


60                      832098E76                       823361E76                       873719E74                       95E0


70                      119785E95                       118702E95                       108364E93                       110E0


80                      715694E113                       711890E113                       380404E111                       188E0


90                      148571E133                       147696E133                       875261E130                       169E0


100                      933262E152                       930018E152                       324316E150                       287E0


110                      158824E173                       157956E173                       868153E170                       182E0


120                      668950E193                       658429E193                       105203E192                       63E0


130                      646685E214                       644458E214                       222746E212                       290E0


140                      134620E236                       133864E236                       755575E233                       178E0


150                      571338E257                       563404E257                       793370E255                       72E0


160                      471472E279                       463266E279                       820626E277                       57E0


170                      725741E301                       721301E301                       443963E299                       163E0


180                      200896E324                       200582E324                       313846E321                       640E0


190                      968032E346                       966165E346                       186634E344                       518E0


200                      788657E369                       778355E369                       103021E368                       76E0


210                      105823E393                       105036E393                       786953E390                       134E0


220                      228386E416                       228198E416                       187519E413                       1217E0


230                      775858E439                       775273E439                       585045E436                       1326E0


240                      406788E463                       398279E463                       850859E461                       47E0


250                      323285E487                       323046E487                       239479E484                       1349E0


260                      383019E511                       382056E511                       963063E508                       397E0


270                      666211E535                       663975E535                       223612E533                       297E0


280                      167722E560                       166785E560                       936812E557                       179E0


290                      603161E584                       595306E584                       785456E582                       76E0


300                      306057E609                       305452E609                       605160E606                       505E0


310                      216632E634                       216017E634                       614542E631                       352E0


320                      211610E659                       211098E659                       511888E656                       413E0


330                      282408E684                       282119E684                       289337E681                       976E0


340                      510086E709                       507534E709                       255169E707                       199E0


350                      123587E735                       122724E735                       863144E732                       143E0


360                      398316E760                       397667E760                       649521E757                       613E0


370                      169421E786                       168724E786                       696815E783                       243E0


380                      943931E811                       934256E811                       967561E809                       97E0


390                      684012E837                       678334E837                       567802E835                       120E0


400                      640345E863                       638518E863                       182630E861                       350E0


410                      769509E889                       760939E889                       857005E887                       89E0


420                      117983E916                       117140E916                       842372E913                       140E0


430                      229465E942                       228404E942                       106090E940                       216E0


440                      562994E968                       557086E968                       590796E966                       95E0


450                      173336E995                       172739E995                       596948E992                       290E0


460                      666328E1021                       658035E1021                       829265E1019                       80E0


470                      318275E1048                       317424E1048                       850288E1045                       374E0


480                      188030E1075                       187169E1075                       861242E1072                       218E0


490                      136787E1102                       135685E1102                       110128E1100                       124E0


500                      122013E1129                       121884E1129                       128968E1126                       946E0


510                      132907E1156                       132583E1156                       323886E1153                       410E0


520                      176104E1183                       175593E1183                       510835E1180                       344E0


530                      282768E1210                       281827E1210                       941660E1207                       300E0


540                      548231E1237                       547805E1237                       425702E1234                       1287E0


550                      127894E1265                       127219E1265                       675214E1262                       189E0


560                      357794E1292                       356825E1292                       968767E1289                       369E0


570                      119647E1320                       118718E1320                       929506E1317                       128E0


580                      476763E1347                       476024E1347                       739173E1344                       644E0


590                      225693E1375                       224984E1375                       709685E1372                       318E0


600                      126557E1403                       125736E1403                       820821E1400                       154E0


610                      838261E1430                       828265E1430                       999568E1428                       83E0


620                      654052E1458                       649743E1458                       430914E1456                       151E0


630                      599570E1486                       599181E1486                       388788E1483                       1542E0


640                      644097E1514                       639838E1514                       425831E1512                       151E0


650                      808855E1542                       798820E1542                       100344E1541                       80E0


660                      118455E1571                       118024E1571                       431106E1568                       274E0


670                      201834E1599                       201065E1599                       769640E1596                       262E0


680                      399218E1627                       398943E1627                       274871E1624                       1452E0


690                      914633E1655                       905471E1655                       916221E1653                       99E0


700                      242204E1684                       241119E1684                       108415E1682                       223E0


710                      739802E1712                       731005E1712                       879613E1710                       84E0


720                      260121E1741                       259297E1741                       823897E1738                       315E0


730                      105079E1770                       104272E1770                       807057E1767                       130E0


740                      486755E1798                       486362E1798                       393163E1795                       1238E0


750                      258080E1827                       257055E1827                       102522E1825                       251E0


760                      156339E1856                       156089E1856                       250082E1853                       625E0


770                      108016E1885                       107362E1885                       653873E1882                       165E0


780                      849723E1913                       849556E1913                       167454E1910                       5074E0


790                      759819E1942                       755179E1942                       464085E1940                       163E0


800                      771053E1971                       761969E1971                       908391E1969                       84E0


810                      886568E2000                       882355E2000                       421273E1998                       210E0


820                      115325E2030                       114466E2030                       858747E2027                       134E0


830                      169460E2059                       168939E2059                       521083E2056                       325E0


840                      280871E2088                       279868E2088                       100327E2086                       279E0


850                      524347E2117                       523721E2117                       626381E2114                       837E0


860                      110101E2147                       109572E2147                       529304E2144                       208E0


870                      259681E2176                       258774E2176                       907396E2173                       286E0


880                      687036E2205                       686670E2205                       365930E2202                       1877E0


890                      203630E2235                       202999E2235                       631004E2232                       322E0


900                      675268E2264                       674531E2264                       736867E2261                       916E0


910                      250229E2294                       249274E2294                       954936E2291                       262E0


920                      103490E2324                       103440E2324                       499333E2320                       2072E0


930                      477138E2353                       476347E2353                       790673E2350                       603E0


940                      244941E2383                       244270E2383                       670512E2380                       365E0


950                      139848E2413                       139568E2413                       279689E2410                       500E0


960                      887042E2442                       879580E2442                       746182E2440                       118E0


970                      624378E2472                       623777E2472                       601394E2469                       1038E0


980                      487193E2502                       486238E2502                       955479E2499                       509E0


990                      420968E2532                       420520E2532                       448534E2529                       938E0


1000                      402387E2562                       402011E2562                       375294E2559                       1072E0


1010                      425057E2592                       424603E2592                       453369E2589                       937E0


1020                      495711E2622                       495328E2622                       382814E2619                       1294E0


1030                      637630E2652                       637439E2652                       190223E2649                       3352E0


1040                      903759E2682                       894395E2682                       936485E2680                       96E0


1050                      141018E2713                       140719E2713                       299131E2710                       471E0


1060                      242015E2743                       241721E2743                       294422E2740                       822E0


1070                      456417E2773                       455304E2773                       111289E2771                       410E0


1080                      945041E2803                       940772E2803                       426845E2801                       221E0


1090                      214651E2834                       214034E2834                       616626E2831                       348E0


1100                      534370E2864                       533459E2864                       911079E2861                       586E0


1110                      145685E2895                       145102E2895                       582771E2892                       249E0


1120                      434607E2925                       434045E2925                       561343E2922                       774E0


1130                      141754E2956                       141424E2956                       330316E2953                       429E0


1140                      505120E2986                       504837E2986                       283099E2983                       1784E0


1150                      196486E3017                       196463E3017                       232530E3013                       8449E0


1160                      833716E3047                       833239E3047                       477805E3044                       1744E0


1170                      385592E3078                       384502E3078                       109003E3076                       353E0


1180                      194241E3109                       193989E3109                       251712E3106                       771E0


1190                      106498E3140                       105923E3140                       575570E3137                       185E0


1200                      635078E3170                       634151E3170                       927677E3167                       684E0

