请输入N的范围:1<N<700
请输入数据取点个数:700
请输入要保存的有效数字:6
方程右侧是否引入最后一项修正项?(N/Y):n

=========================================================================

N                      N!                    Appro_Val                    Differ                  1/(Rela_Differ)

0                      1E0                       1E0                       0E0                       0E0


1                      1E0                       0E0                       1E0                       1E0


2                      2E0                       0E0                       2E0                       1E0


3                      6E0                       1E0                       5E0                       1E0


4                      24E0                       4E0                       20E0                       1E0


5                      120E0                       21E0                       99E0                       1E0


6                      720E0                       115E0                       605E0                       1E0


7                      5040E0                       751E0                       4289E0                       1E0


8                      40320E0                       5629E0                       34691E0                       1E0


9                      362880E0                       47811E0                       315069E0                       1E0


10                      362880E1                       454008E0                       317479E1                       1E0


11                      399168E2                       476520E1                       351515E2                       1E0


12                      479001E3                       547826E2                       424218E3                       1E0


13                      622702E4                       684598E3                       554242E4                       1E0


14                      871782E5                       923995E4                       779383E5                       1E0


15                      130767E7                       133952E6                       117372E7                       1E0


16                      209227E8                       207590E7                       188468E8                       1E0


17                      355687E9                       342472E8                       321440E9                       1E0


18                      640237E10                       599244E9                       580312E10                       1E0


19                      121645E12                       110846E11                       110560E12                       1E0


20                      243290E13                       216127E12                       221677E13                       1E0


21                      510909E14                       443017E13                       466607E14                       1E0


22                      112400E16                       952402E14                       102876E16                       1E0


23                      258520E17                       214272E16                       237092E17                       1E0


24                      620448E18                       503503E17                       570098E18                       1E0


25                      155112E20                       123349E19                       142777E20                       1E0


26                      403291E21                       314521E20                       371839E21                       1E0


27                      108888E23                       833432E21                       100554E23                       1E0


28                      304888E24                       229181E23                       281970E24                       1E0


29                      884176E25                       653133E24                       818862E25                       1E0


30                      265252E27                       192665E26                       245986E27                       1E0


31                      822283E28                       587602E27                       763523E28                       1E0


32                      263130E30                       185086E29                       244622E30                       1E0


33                      868331E31                       601508E30                       808180E31                       1E0


34                      295232E33                       201498E32                       275082E33                       1E0


35                      103331E35                       695143E33                       963800E34                       1E0


36                      371993E36                       246767E35                       347316E36                       1E0


37                      137637E38                       900674E36                       128630E38                       1E0


38                      523022E39                       337743E38                       489248E39                       1E0


39                      203978E41                       130027E40                       190976E41                       1E0


40                      815915E42                       513594E41                       764555E42                       1E0


41                      334525E44                       208000E43                       313725E44                       1E0


42                      140500E46                       863181E44                       131868E46                       1E0


43                      604152E47                       366843E46                       567468E47                       1E0


44                      265827E49                       159573E48                       249869E49                       1E0


45                      119622E51                       710086E49                       112521E51                       1E0


46                      550262E52                       323082E51                       517953E52                       1E0


47                      258623E54                       150230E53                       243600E54                       1E0


48                      124139E56                       713582E54                       117003E56                       1E0


49                      608281E57                       346081E56                       573673E57                       1E0


50                      304140E59                       171307E58                       287010E59                       1E0


51                      155111E61                       865088E59                       146460E61                       1E0


52                      806581E62                       445513E61                       762030E62                       1E0


53                      427488E64                       233891E63                       404099E64                       1E0


54                      230843E66                       125129E65                       218330E66                       1E0


55                      126964E68                       681948E66                       120144E68                       1E0


56                      710998E69                       378476E68                       673150E69                       1E0


57                      405269E71                       213836E70                       383885E71                       1E0


58                      235056E73                       122954E72                       222760E73                       1E0


59                      138683E75                       719273E73                       131490E75                       1E0


60                      832098E76                       427962E75                       789302E76                       1E0


61                      507580E78                       258914E77                       481688E78                       1E0


62                      314699E80                       159230E79                       298776E80                       1E0


63                      198260E82                       995181E80                       188309E82                       1E0


64                      126886E84                       631933E82                       120567E84                       1E0


65                      824765E85                       407593E84                       784005E85                       1E0


66                      544344E87                       266970E86                       517647E87                       1E0


67                      364711E89                       177533E88                       346957E89                       1E0


68                      248003E91                       119834E90                       236020E91                       1E0


69                      171122E93                       820857E91                       162913E93                       1E0


70                      119785E95                       570491E93                       114080E95                       1E0


71                      850478E96                       402193E95                       810259E96                       1E0


72                      612344E98                       287565E97                       583588E98                       1E0


73                      447011E100                       208483E99                       426163E100                       1E0


74                      330788E102                       153234E101                       315465E102                       1E0


75                      248091E104                       114158E103                       236675E104                       1E0


76                      188549E106                       861891E104                       179930E106                       1E0


77                      145183E108                       659341E106                       138589E108                       1E0


78                      113242E110                       510986E108                       108132E110                       1E0


79                      894618E111                       401121E110                       854506E111                       1E0


80                      715694E113                       318889E112                       683805E113                       1E0


81                      579712E115                       256704E114                       554042E115                       1E0


82                      475364E117                       209212E116                       454443E117                       1E0


83                      394552E119                       172599E118                       377292E119                       1E0


84                      331424E121                       144119E120                       317012E121                       1E0


85                      281710E123                       121780E122                       269532E123                       1E0


86                      242270E125                       104121E124                       231858E125                       1E0


87                      210775E127                       900647E125                       201769E127                       1E0


88                      185482E129                       788062E127                       177602E129                       1E0


89                      165079E131                       697431E129                       158105E131                       1E0


90                      148571E133                       624198E131                       142329E133                       1E0


91                      135200E135                       564896E133                       129551E135                       1E0


92                      124384E137                       516877E135                       119215E137                       1E0


93                      115677E139                       478109E137                       110896E139                       1E0


94                      108736E141                       447030E139                       104266E141                       1E0


95                      103299E143                       422441E141                       990753E142                       1E0


96                      991677E144                       403429E143                       951334E144                       1E0


97                      961927E146                       389308E145                       922996E146                       1E0


98                      942689E148                       379573E147                       904731E148                       1E0


99                      933262E150                       373878E149                       895874E150                       1E0


100                      933262E152                       372007E151                       896061E152                       1E0


101                      942594E154                       373866E153                       905208E154                       1E0


102                      961446E156                       379472E155                       923499E156                       1E0


103                      990290E158                       388957E157                       951394E158                       1E0


104                      102990E161                       402569E159                       989644E160                       1E0


105                      108139E163                       420683E161                       103932E163                       1E0


106                      114628E165                       443819E163                       110189E165                       1E0


107                      122652E167                       472666E165                       117925E167                       1E0


108                      132464E169                       508114E167                       127383E169                       1E0


109                      144385E171                       551302E169                       138872E171                       1E0


110                      158824E173                       603673E171                       152787E173                       1E0


111                      176295E175                       667057E173                       169624E175                       1E0


112                      197450E177                       743766E175                       190013E177                       1E0


113                      223119E179                       836734E177                       214751E179                       1E0


114                      254355E181                       949690E179                       244859E181                       1E0


115                      292509E183                       108739E182                       281635E183                       1E0


116                      339310E185                       125593E184                       326751E185                       1E0


117                      396993E187                       146315E186                       382362E187                       1E0


118                      468452E189                       171920E188                       451260E189                       1E0


119                      557458E191                       203725E190                       537086E191                       1E0


120                      668950E193                       243451E192                       644605E193                       1E0


121                      809429E195                       293357E194                       780094E195                       1E0


122                      987504E197                       356428E196                       951861E197                       1E0


123                      121463E200                       436623E198                       117096E200                       1E0


124                      150614E202                       539228E200                       145221E202                       1E0


125                      188267E204                       671338E202                       181554E204                       1E0


126                      237217E206                       842527E204                       228792E206                       1E0


127                      301266E208                       106579E207                       290608E208                       1E0


128                      385620E210                       135888E209                       372031E210                       1E0


129                      497450E212                       174616E211                       479988E212                       1E0


130                      646685E214                       226127E213                       624072E214                       1E0


131                      847158E216                       295095E215                       817648E216                       1E0


132                      111824E219                       388049E217                       107944E219                       1E0


133                      148727E221                       514164E219                       143585E221                       1E0


134                      199294E223                       686408E221                       192430E223                       1E0


135                      269047E225                       923216E223                       259815E225                       1E0


136                      365904E227                       125095E226                       353394E227                       1E0


137                      501288E229                       170755E228                       484213E229                       1E0


138                      691778E231                       234787E230                       668299E231                       1E0


139                      961572E233                       325180E232                       929054E233                       1E0


140                      134620E236                       453625E234                       130083E236                       1E0


141                      189814E238                       637342E236                       183440E238                       1E0


142                      269536E240                       901837E238                       260518E240                       1E0


143                      385437E242                       128511E241                       372585E242                       1E0


144                      555029E244                       184413E243                       536588E244                       1E0


145                      804792E246                       266477E245                       778144E246                       1E0


146                      117499E249                       387723E247                       113622E249                       1E0


147                      172724E251                       568014E249                       167044E251                       1E0


148                      255632E253                       837819E251                       247254E253                       1E0


149                      380892E255                       124415E254                       368450E255                       1E0


150                      571338E257                       186001E256                       552738E257                       1E0


151                      862720E259                       279931E258                       834727E259                       1E0


152                      131133E262                       424095E260                       126892E262                       1E0


153                      200634E264                       646745E262                       194166E264                       0E0


154                      308976E266                       992752E264                       299049E266                       0E0


155                      478914E268                       153379E267                       463576E268                       1E0


156                      747106E270                       238505E269                       723255E270                       1E0


157                      117295E273                       373260E271                       113563E273                       1E0


158                      185327E275                       587883E273                       179448E275                       1E0


159                      294670E277                       931794E275                       285352E277                       1E0


160                      471472E279                       148620E278                       456610E279                       1E0


161                      759070E281                       238536E280                       735216E281                       1E0


162                      122969E284                       385235E282                       119117E284                       1E0


163                      200440E286                       626006E284                       194180E286                       0E0


164                      328721E288                       102351E287                       318486E288                       1E0


165                      542391E290                       168368E289                       525554E290                       1E0


166                      900369E292                       278649E291                       872504E292                       1E0


167                      150361E295                       463951E293                       145722E295                       1E0


168                      252607E297                       777116E295                       244836E297                       1E0


169                      426906E299                       130944E298                       413812E299                       1E0


170                      725741E301                       221949E300                       703546E301                       1E0


171                      124101E304                       378423E302                       120317E304                       1E0


172                      213455E306                       648995E304                       206965E306                       1E0


173                      369277E308                       111951E307                       358082E308                       1E0


174                      642542E310                       194235E309                       623118E310                       1E0


175                      112444E313                       338941E311                       109055E313                       1E0


176                      197903E315                       594840E313                       191954E315                       1E0


177                      350288E317                       104989E316                       339789E317                       1E0


178                      623513E319                       186355E318                       604877E319                       1E0


179                      111608E322                       332644E320                       108282E322                       1E0


180                      200896E324                       597096E322                       194925E324                       0E0


181                      363621E326                       107775E325                       352844E326                       1E0


182                      661791E328                       195612E327                       642230E328                       1E0


183                      121107E331                       356992E329                       117537E331                       1E0


184                      222838E333                       655080E331                       216287E333                       1E0


185                      412251E335                       120862E334                       400165E335                       1E0


186                      766787E337                       224199E336                       744367E337                       1E0


187                      143389E340                       418130E338                       139207E340                       1E0


188                      269571E342                       783994E340                       261731E342                       1E0


189                      509490E344                       147782E343                       494712E344                       1E0


190                      968032E346                       280048E345                       940027E346                       1E0


191                      184894E349                       533491E347                       179559E349                       1E0


192                      354996E351                       102163E350                       344780E351                       1E0


193                      685143E353                       196664E352                       665477E353                       1E0


194                      132917E356                       380545E354                       129112E356                       1E0


195                      259189E358                       740159E356                       251788E358                       1E0


196                      508012E360                       144701E359                       493542E360                       1E0


197                      100078E363                       284337E361                       972350E362                       1E0


198                      198155E365                       561565E363                       192539E365                       1E0


199                      394328E367                       111470E366                       383181E367                       1E0


200                      788657E369                       222383E368                       766419E369                       1E0


201                      158520E372                       445878E370                       154061E372                       1E0


202                      320210E374                       898444E372                       311226E374                       1E0


203                      650028E376                       181934E375                       631834E376                       1E0


204                      132605E379                       370237E377                       128903E379                       1E0


205                      271841E381                       757133E379                       264270E381                       1E0


206                      559993E383                       155590E382                       544434E383                       1E0


207                      115918E386                       321294E384                       112705E386                       1E0


208                      241111E388                       666686E386                       234444E388                       1E0


209                      503922E390                       139003E389                       490021E390                       1E0


210                      105823E393                       291212E391                       102911E393                       1E0


211                      223287E395                       613002E393                       217157E395                       1E0


212                      473370E397                       129649E396                       460405E397                       1E0


213                      100827E400                       275505E398                       980727E399                       1E0


214                      215771E402                       588204E400                       209889E402                       1E0


215                      463908E404                       126169E403                       451291E404                       1E0


216                      100204E407                       271895E405                       974853E406                       1E0


217                      217443E409                       588653E407                       211556E409                       1E0


218                      474026E411                       128032E410                       461223E411                       1E0


219                      103811E414                       279749E412                       101014E414                       1E0


220                      228386E416                       614050E414                       222245E416                       1E0


221                      504733E418                       135397E417                       491193E418                       1E0


222                      112050E421                       299906E419                       109051E421                       1E0


223                      249873E423                       667290E421                       243200E423                       1E0


224                      559715E425                       149139E424                       544802E425                       1E0


225                      125936E428                       334817E426                       122587E428                       1E0


226                      284615E430                       755012E428                       277065E430                       1E0


227                      646077E432                       171010E431                       628976E432                       1E0


228                      147305E435                       389048E433                       143415E435                       1E0


229                      337329E437                       888974E435                       328440E437                       1E0


230                      775858E439                       204019E438                       755456E439                       1E0


231                      179223E442                       470264E440                       174520E442                       1E0


232                      415798E444                       108866E443                       404911E444                       1E0


233                      968809E446                       253113E445                       943498E446                       1E0


234                      226701E449                       591019E447                       220791E449                       1E0


235                      532748E451                       138593E450                       518889E451                       1E0


236                      125728E454                       326388E452                       122464E454                       1E0


237                      297976E456                       771908E454                       290257E456                       1E0


238                      709185E458                       183328E457                       690852E458                       1E0


239                      169495E461                       437237E459                       165122E461                       1E0


240                      406788E463                       104718E462                       396316E463                       1E0


241                      980360E465                       251847E464                       955175E465                       1E0


242                      237247E468                       608210E466                       231165E468                       1E0


243                      576510E470                       147490E469                       561761E470                       1E0


244                      140668E473                       359140E471                       137077E473                       1E0


245                      344638E475                       878097E473                       335857E475                       1E0


246                      847809E477                       215572E476                       826252E477                       1E0


247                      209409E480                       531386E478                       204095E480                       1E0


248                      519334E482                       131518E481                       506182E482                       1E0


249                      129314E485                       326822E483                       126046E485                       1E0


250                      323285E487                       815420E485                       315131E487                       1E0


251                      811446E489                       204262E488                       791020E489                       1E0


252                      204484E492                       513720E490                       199347E492                       0E0


253                      517346E494                       129714E493                       504374E494                       1E0


254                      131405E497                       328825E495                       128117E497                       1E0


255                      335085E499                       836860E497                       326716E499                       1E0


256                      857817E501                       213817E500                       836436E501                       1E0


257                      220459E504                       548442E502                       214974E504                       1E0


258                      568784E506                       141223E505                       554662E506                       1E0


259                      147315E509                       365063E507                       143664E509                       1E0


260                      383019E511                       947338E509                       373546E511                       1E0


261                      999681E513                       246781E512                       975002E513                       1E0


262                      261916E516                       645333E514                       255463E516                       1E0


263                      688840E518                       169399E517                       671900E518                       1E0


264                      181853E521                       446368E519                       177390E521                       1E0


265                      481912E523                       118064E522                       470106E523                       1E0


266                      128188E526                       313460E524                       125054E526                       1E0


267                      342264E528                       835372E526                       333910E528                       1E0


268                      917267E530                       223461E529                       894921E530                       1E0


269                      246744E533                       599995E531                       240745E533                       1E0


270                      666211E535                       161698E534                       650041E535                       1E0


271                      180543E538                       437394E536                       176169E538                       1E0


272                      491077E540                       118752E539                       479202E540                       1E0


273                      134064E543                       323600E541                       130828E543                       1E0


274                      367335E545                       885046E543                       358485E545                       1E0


275                      101017E548                       242945E546                       985879E547                       1E0


276                      278808E550                       669313E548                       272114E550                       1E0


277                      772298E552                       185065E551                       753791E552                       1E0


278                      214698E555                       513555E553                       209563E555                       1E0


279                      599009E557                       143025E556                       584707E557                       1E0


280                      167722E560                       399754E558                       163725E560                       1E0


281                      471301E562                       112131E561                       460087E562                       1E0


282                      132906E565                       315649E563                       129750E565                       1E0


283                      376126E567                       891708E565                       367209E567                       1E0


284                      106819E570                       252799E568                       104291E570                       1E0


285                      304436E572                       719213E570                       297244E572                       0E0


286                      870689E574                       205335E573                       850155E574                       1E0


287                      249887E577                       588285E575                       244004E577                       1E0


288                      719676E579                       169131E578                       702763E579                       1E0


289                      207986E582                       487945E580                       203107E582                       1E0


290                      603161E584                       141260E583                       589035E584                       1E0


291                      175519E587                       410360E585                       171416E587                       1E0


292                      512518E589                       119620E588                       500556E589                       1E0


293                      150167E592                       349888E590                       146668E592                       1E0


294                      441493E594                       102692E593                       431224E594                       1E0


295                      130240E597                       302428E595                       127216E597                       1E0


296                      385511E599                       893675E597                       376575E599                       1E0


297                      114497E602                       264974E600                       111847E602                       1E0


298                      341201E604                       788299E602                       333318E604                       1E0


299                      102019E607                       235307E605                       996660E606                       1E0


300                      306057E609                       704744E607                       299010E609                       0E0


301                      921233E611                       211775E610                       900055E611                       1E0


302                      278212E614                       638503E612                       271827E614                       1E0


303                      842983E616                       193147E615                       823668E616                       1E0


304                      256267E619                       586201E617                       250404E619                       1E0


305                      781614E621                       178498E620                       763764E621                       1E0


306                      239173E624                       545311E622                       233720E624                       1E0


307                      734264E626                       167138E625                       717550E626                       1E0


308                      226153E629                       513949E627                       221013E629                       1E0


309                      698813E631                       158553E630                       682958E631                       1E0


310                      216632E634                       490722E632                       211725E634                       1E0


311                      673726E636                       152369E635                       658489E636                       1E0


312                      210202E639                       474629E637                       205456E639                       1E0


313                      657934E641                       148321E640                       643102E641                       1E0


314                      206591E644                       464988E642                       201941E644                       1E0


315                      650762E646                       146238E645                       636138E646                       1E0


316                      205641E649                       461383E647                       201027E649                       1E0


317                      651882E651                       146027E650                       637279E651                       1E0


318                      207298E654                       463637E652                       202662E654                       1E0


319                      661282E656                       147668E655                       646515E656                       1E0


320                      211610E659                       471800E657                       206892E659                       1E0


321                      679269E661                       151212E660                       664147E661                       1E0


322                      218724E664                       486146E662                       213863E664                       1E0


323                      706480E666                       156782E665                       690802E666                       1E0


324                      228899E669                       507190E667                       223827E669                       1E0


325                      743924E671                       164583E670                       727465E671                       1E0


326                      242519E674                       535718E672                       237162E674                       1E0


327                      793038E676                       174911E675                       775546E676                       1E0


328                      260116E679                       572836E677                       254388E679                       1E0


329                      855783E681                       188176E680                       836965E681                       1E0


330                      282408E684                       620042E682                       276208E684                       1E0


331                      934772E686                       204923E685                       914279E686                       1E0


332                      310344E689                       679322E687                       303551E689                       1E0


333                      103344E692                       225874E690                       101085E692                       1E0


334                      345171E694                       753291E692                       337638E694                       1E0


335                      115632E697                       251975E695                       113112E697                       1E0


336                      388524E699                       845378E697                       380070E699                       1E0


337                      130932E702                       284469E700                       128088E702                       1E0


338                      442552E704                       960085E702                       432952E704                       1E0


339                      150025E707                       324988E705                       146775E707                       1E0


340                      510086E709                       110333E708                       499053E709                       1E0


341                      173939E712                       375685E710                       170182E712                       1E0


342                      594873E714                       128296E713                       582043E714                       1E0


343                      204041E717                       439416E715                       199647E717                       0E0


344                      701902E719                       150939E718                       686808E719                       1E0


345                      242156E722                       519985E720                       236956E722                       1E0


346                      837861E724                       179655E723                       819895E724                       1E0


347                      290737E727                       622504E725                       284512E727                       1E0


348                      101176E730                       216320E728                       990135E729                       1E0


349                      353106E732                       753875E730                       345568E732                       1E0


350                      123587E735                       263479E733                       120952E735                       1E0


351                      433791E737                       923495E735                       424556E737                       1E0


352                      152694E740                       324608E738                       149448E740                       1E0


353                      539012E742                       114424E741                       527569E742                       1E0


354                      190810E745                       404490E743                       186765E745                       1E0


355                      677376E747                       143391E746                       663037E747                       1E0


356                      241146E750                       509757E748                       236048E750                       1E0


357                      860891E752                       181728E751                       842718E752                       1E0


358                      308199E755                       649679E753                       301702E755                       1E0


359                      110643E758                       232909E756                       108314E758                       1E0


360                      398316E760                       837310E758                       389943E760                       1E0


361                      143792E763                       301850E761                       140773E763                       1E0


362                      520528E765                       109118E764                       509616E765                       1E0


363                      188951E768                       395555E766                       184996E768                       1E0


364                      687784E770                       143784E769                       673405E770                       1E0


365                      251041E773                       524094E771                       245800E773                       1E0


366                      918811E775                       191556E774                       899655E775                       1E0


367                      337203E778                       702054E776                       330183E778                       1E0


368                      124090E781                       258004E779                       121510E781                       1E0


369                      457895E783                       950747E781                       448388E783                       1E0


370                      169421E786                       351301E784                       165908E786                       1E0


371                      628553E788                       130157E787                       615537E788                       1E0


372                      233821E791                       483533E789                       228986E791                       1E0


373                      872155E793                       180116E792                       854143E793                       1E0


374                      326186E796                       672733E794                       319458E796                       1E0


375                      122319E799                       251938E797                       119800E799                       1E0


376                      459922E801                       946029E799                       450462E801                       1E0


377                      173390E804                       356179E802                       169828E804                       1E0


378                      655417E806                       134457E805                       641971E806                       1E0


379                      248403E809                       508922E807                       243313E809                       1E0


380                      943931E811                       193136E810                       924618E811                       1E0


381                      359637E814                       734882E812                       352289E814                       1E0


382                      137381E817                       280357E815                       134578E817                       1E0


383                      526171E819                       107236E818                       515448E819                       1E0


384                      202050E822                       411253E820                       197937E822                       0E0


385                      777892E824                       158126E823                       762079E824                       1E0


386                      300266E827                       609578E825                       294170E827                       0E0


387                      116203E830                       235601E828                       113847E830                       1E0


388                      450868E832                       912957E830                       441738E832                       1E0


389                      175387E835                       354683E833                       171840E835                       1E0


390                      684012E837                       138149E836                       670197E837                       1E0


391                      267448E840                       539473E838                       262054E840                       1E0


392                      104839E843                       211203E841                       102727E843                       1E0


393                      412020E845                       828974E843                       403731E845                       1E0


394                      162336E848                       326201E846                       159074E848                       1E0


395                      641228E850                       128686E849                       628359E850                       1E0


396                      253926E853                       508954E851                       248836E853                       1E0


397                      100808E856                       201800E854                       987907E855                       1E0


398                      401218E858                       802156E856                       393197E858                       0E0


399                      160086E861                       319659E859                       156889E861                       1E0


400                      640345E863                       127703E862                       627574E863                       1E0


401                      256778E866                       511453E864                       251663E866                       1E0


402                      103224E869                       205348E867                       101171E869                       1E0


403                      415996E871                       826527E869                       407731E871                       1E0


404                      168062E874                       333503E872                       164727E874                       1E0


405                      680653E876                       134902E875                       667163E876                       1E0


406                      276345E879                       547028E877                       270875E879                       1E0


407                      112472E882                       222367E880                       110248E882                       1E0


408                      458887E884                       906145E882                       449826E884                       1E0


409                      187685E887                       370160E885                       183983E887                       1E0


410                      769509E889                       151580E888                       754351E889                       1E0


411                      316268E892                       622238E890                       310045E892                       1E0


412                      130302E895                       256050E893                       127742E895                       1E0


413                      538149E897                       105621E896                       527587E897                       1E0


414                      222793E900                       436742E898                       218426E900                       1E0


415                      924594E902                       181029E901                       906491E902                       1E0


416                      384631E905                       752178E903                       377109E905                       1E0


417                      160391E908                       313282E906                       157258E908                       1E0


418                      670435E910                       130795E909                       657355E910                       1E0


419                      280912E913                       547378E911                       275438E913                       1E0


420                      117983E916                       229625E914                       115686E916                       1E0


421                      496709E918                       965573E916                       487053E918                       1E0


422                      209611E921                       406989E919                       205541E921                       1E0


423                      886656E923                       171952E922                       869460E923                       1E0


424                      375942E926                       728220E924                       368660E926                       1E0


425                      159775E929                       309129E927                       156684E929                       1E0


426                      680643E931                       131534E930                       667489E931                       1E0


427                      290634E934                       560994E932                       285024E934                       1E0


428                      124391E937                       239825E935                       121993E937                       1E0


429                      533640E939                       102765E938                       523363E939                       1E0


430                      229465E942                       441375E940                       225051E942                       1E0


431                      988995E944                       190012E943                       969994E944                       1E0


432                      427246E947                       819902E945                       419046E947                       1E0


433                      184997E950                       354607E948                       181451E950                       1E0


434                      802889E952                       153722E951                       787517E952                       1E0


435                      349256E955                       667924E953                       342577E955                       1E0


436                      152275E958                       290880E956                       149367E958                       1E0


437                      665446E960                       126969E959                       652749E960                       1E0


438                      291465E963                       555491E961                       285910E963                       1E0


439                      127953E966                       243582E964                       125517E966                       1E0


440                      562994E968                       107054E967                       552289E968                       1E0


441                      248280E971                       471575E969                       243564E971                       1E0


442                      109740E974                       208200E972                       107658E974                       1E0


443                      486148E976                       921287E974                       476935E976                       1E0


444                      215849E979                       408590E977                       211763E979                       1E0


445                      960531E981                       181618E980                       942369E981                       1E0


446                      428397E984                       809110E982                       420306E984                       1E0


447                      191493E987                       361267E985                       187880E987                       1E0


448                      857890E989                       161667E988                       841724E989                       1E0


449                      385193E992                       725078E990                       377942E992                       1E0


450                      173336E995                       325922E993                       170077E995                       1E0


451                      781749E997                       146828E996                       767066E997                       1E0


452                      353350E1000                       662928E998                       346721E1000                       1E0


453                      160067E1003                       299975E1001                       157068E1003                       1E0


454                      726708E1005                       136038E1004                       713104E1005                       1E0


455                      330652E1008                       618295E1006                       324469E1008                       1E0


456                      150777E1011                       281633E1009                       147961E1011                       1E0


457                      689052E1013                       128565E1012                       676196E1013                       1E0


458                      315586E1016                       588188E1014                       309704E1016                       1E0


459                      144854E1019                       269684E1017                       142157E1019                       1E0


460                      666328E1021                       123919E1020                       653936E1021                       1E0


461                      307177E1024                       570650E1022                       301470E1024                       1E0


462                      141915E1027                       263355E1025                       139282E1027                       1E0


463                      657071E1029                       121801E1028                       644890E1029                       1E0


464                      304880E1032                       564551E1030                       299235E1032                       0E0


465                      141769E1035                       262234E1033                       139147E1035                       1E0


466                      660646E1037                       122069E1036                       648439E1037                       1E0


467                      308521E1040                       569456E1038                       302827E1040                       1E0


468                      144388E1043                       266220E1041                       141726E1043                       1E0


469                      677180E1045                       124724E1044                       664708E1045                       1E0


470                      318275E1048                       585580E1046                       312419E1048                       1E0


471                      149907E1051                       275515E1049                       147152E1051                       1E0


472                      707563E1053                       129905E1052                       694573E1053                       1E0


473                      334677E1056                       613803E1054                       328539E1056                       1E0


474                      158637E1059                       290636E1057                       155730E1059                       1E0


475                      753526E1061                       137906E1060                       739735E1061                       1E0


476                      358678E1064                       655746E1062                       352121E1064                       1E0


477                      171089E1067                       312463E1065                       167965E1067                       1E0


478                      817808E1069                       149201E1068                       802888E1069                       1E0


479                      391730E1072                       713927E1070                       384591E1072                       1E0


480                      188030E1075                       342328E1073                       184607E1075                       1E0


481                      904427E1077                       164488E1076                       887978E1077                       1E0


482                      435933E1080                       792012E1078                       428013E1080                       1E0


483                      210556E1083                       382146E1081                       206734E1083                       1E0


484                      101909E1086                       184767E1084                       100061E1086                       1E0


485                      494259E1088                       895198E1086                       485307E1088                       1E0


486                      240210E1091                       434618E1089                       235863E1091                       1E0


487                      116982E1094                       211442E1092                       114867E1094                       1E0


488                      570873E1096                       103077E1095                       560565E1096                       1E0


489                      279157E1099                       503535E1097                       274121E1099                       1E0


490                      136787E1102                       246480E1100                       134322E1102                       1E0


491                      671624E1104                       120898E1103                       659534E1104                       1E0


492                      330439E1107                       594217E1105                       324496E1107                       1E0


493                      162906E1110                       292652E1108                       159979E1110                       1E0


494                      804758E1112                       144423E1111                       790315E1112                       1E0


495                      398355E1115                       714175E1113                       391213E1115                       1E0


496                      197584E1118                       353873E1116                       194045E1118                       1E0


497                      981993E1120                       175698E1119                       964423E1120                       1E0


498                      489032E1123                       874099E1121                       480291E1123                       1E0


499                      244027E1126                       435738E1124                       239669E1126                       1E0


500                      122013E1129                       217651E1127                       119837E1129                       1E0


501                      611288E1131                       108934E1130                       600395E1131                       1E0


502                      306866E1134                       546306E1132                       301403E1134                       1E0


503                      154354E1137                       274518E1135                       151608E1137                       1E0


504                      777944E1139                       138220E1138                       764122E1139                       1E0


505                      392861E1142                       697320E1140                       385888E1142                       1E0


506                      198788E1145                       352495E1143                       195263E1145                       1E0


507                      100785E1148                       178538E1146                       990001E1147                       1E0


508                      511990E1150                       906085E1148                       502929E1150                       1E0


509                      260603E1153                       460744E1151                       255995E1153                       1E0


510                      132907E1156                       234749E1154                       130560E1156                       1E0


511                      679158E1158                       119839E1157                       667174E1158                       1E0


512                      347728E1161                       612978E1159                       341599E1161                       1E0


513                      178384E1164                       314151E1162                       175243E1164                       1E0


514                      916898E1166                       161316E1165                       900767E1166                       1E0


515                      472202E1169                       829974E1167                       463903E1169                       1E0


516                      243656E1172                       427851E1170                       239378E1172                       1E0


517                      125970E1175                       220985E1173                       123760E1175                       1E0


518                      652527E1177                       114359E1176                       641091E1177                       1E0


519                      338661E1180                       592956E1178                       332732E1180                       1E0


520                      176104E1183                       308040E1181                       173023E1183                       1E0


521                      917502E1185                       160335E1184                       901468E1185                       1E0


522                      478936E1188                       836147E1186                       470574E1188                       1E0


523                      250483E1191                       436887E1189                       246114E1191                       1E0


524                      131253E1194                       228710E1192                       128966E1194                       1E0


525                      689080E1196                       119958E1195                       677084E1196                       1E0


526                      362456E1199                       630382E1197                       356152E1199                       1E0


527                      191014E1202                       331896E1200                       187695E1202                       1E0


528                      100855E1205                       175075E1203                       991048E1204                       1E0


529                      533526E1207                       925272E1205                       524273E1207                       1E0


530                      282768E1210                       489931E1208                       277869E1210                       1E0


531                      150150E1213                       259908E1211                       147551E1213                       1E0


532                      798799E1215                       138141E1214                       784985E1215                       1E0


533                      425760E1218                       735603E1216                       418404E1218                       1E0


534                      227355E1221                       392444E1219                       223431E1221                       1E0


535                      121635E1224                       209761E1222                       119537E1224                       1E0


536                      651965E1226                       112327E1225                       640733E1226                       1E0


537                      350105E1229                       602635E1227                       344079E1229                       1E0


538                      188356E1232                       323916E1230                       185117E1232                       1E0


539                      101524E1235                       174428E1233                       997800E1234                       1E0


540                      548231E1237                       941044E1235                       538820E1237                       1E0


541                      296593E1240                       508634E1238                       291506E1240                       1E0


542                      160753E1243                       275425E1241                       157999E1243                       1E0


543                      872891E1245                       149418E1244                       857949E1245                       1E0


544                      474853E1248                       812088E1246                       466732E1248                       1E0


545                      258794E1251                       442182E1249                       254373E1251                       1E0


546                      141302E1254                       241210E1252                       138889E1254                       1E0


547                      772921E1256                       131821E1255                       759739E1256                       1E0


548                      423561E1259                       721722E1257                       416344E1259                       1E0


549                      232535E1262                       395864E1260                       228576E1262                       1E0


550                      127894E1265                       217527E1263                       125719E1265                       1E0


551                      704697E1267                       119748E1266                       692722E1267                       1E0


552                      388993E1270                       660414E1268                       382388E1270                       1E0


553                      215113E1273                       364879E1271                       211464E1273                       1E0


554                      119172E1276                       201960E1274                       117153E1276                       1E0


555                      661408E1278                       111987E1277                       650209E1278                       1E0


556                      367743E1281                       622088E1279                       361522E1281                       1E0


557                      204832E1284                       346192E1282                       201371E1284                       1E0


558                      114296E1287                       193002E1285                       112366E1287                       1E0


559                      638919E1289                       107791E1288                       628139E1289                       1E0


560                      357794E1292                       603094E1290                       351763E1292                       1E0


561                      200722E1295                       338034E1293                       197342E1295                       0E0


562                      112806E1298                       189806E1296                       110908E1298                       1E0


563                      635098E1300                       106766E1299                       624422E1300                       1E0


564                      358195E1303                       601626E1301                       352179E1303                       1E0


565                      202380E1306                       339618E1304                       198984E1306                       0E0


566                      114547E1309                       192053E1307                       112626E1309                       1E0


567                      649483E1311                       108798E1310                       638604E1311                       1E0


568                      368906E1314                       617431E1312                       362732E1314                       1E0


569                      209908E1317                       351009E1315                       206397E1317                       1E0


570                      119647E1320                       199900E1318                       117648E1320                       1E0


571                      683187E1322                       114043E1321                       671783E1322                       1E0


572                      390783E1325                       651755E1323                       384265E1325                       1E0


573                      223918E1328                       373130E1326                       220187E1328                       1E0


574                      128529E1331                       213990E1329                       126389E1331                       1E0


575                      739044E1333                       122937E1332                       726750E1333                       1E0


576                      425689E1336                       707503E1334                       418614E1336                       1E0


577                      245622E1339                       407875E1337                       241544E1339                       1E0


578                      141969E1342                       235548E1340                       139614E1342                       1E0


579                      822006E1344                       136264E1343                       808379E1344                       1E0


580                      476763E1347                       789653E1345                       468867E1347                       1E0


581                      276999E1350                       458394E1348                       272415E1350                       1E0


582                      161213E1353                       266556E1351                       158548E1353                       1E0


583                      939876E1355                       155268E1354                       924349E1355                       1E0


584                      548887E1358                       905993E1356                       539827E1358                       1E0


585                      321099E1361                       529553E1359                       315803E1361                       1E0


586                      188164E1364                       310053E1362                       185063E1364                       1E0


587                      110452E1367                       181846E1365                       108633E1367                       1E0


588                      649460E1369                       106834E1368                       638776E1369                       1E0


589                      382532E1372                       628722E1370                       376244E1372                       1E0


590                      225693E1375                       370631E1373                       221987E1375                       1E0


591                      133385E1378                       218857E1376                       131196E1378                       1E0


592                      789639E1380                       129454E1379                       776694E1380                       1E0


593                      468256E1383                       767017E1381                       460586E1383                       1E0


594                      278144E1386                       455224E1384                       273592E1386                       1E0


595                      165495E1389                       270631E1387                       162789E1389                       1E0


596                      986355E1391                       161160E1390                       970239E1391                       1E0


597                      588854E1394                       961324E1392                       579240E1394                       1E0


598                      352134E1397                       574391E1395                       346390E1397                       1E0


599                      210928E1400                       343773E1398                       207490E1400                       1E0


600                      126557E1403                       206091E1401                       124496E1403                       1E0


601                      760608E1405                       123758E1404                       748233E1405                       1E0


602                      457886E1408                       744405E1406                       450442E1408                       1E0


603                      276105E1411                       448504E1409                       271620E1411                       1E0


604                      166767E1414                       270672E1412                       164061E1414                       1E0


605                      100894E1417                       163621E1415                       992583E1416                       1E0


606                      611420E1419                       990727E1417                       601513E1419                       1E0


607                      371132E1422                       600876E1420                       365123E1422                       1E0


608                      225648E1425                       365032E1423                       221998E1425                       1E0


609                      137419E1428                       222122E1426                       135198E1428                       1E0


610                      838261E1430                       135383E1429                       824723E1430                       1E0


611                      512177E1433                       826515E1431                       503912E1433                       1E0


612                      313452E1436                       505414E1434                       308398E1436                       1E0


613                      192146E1439                       309566E1437                       189050E1439                       1E0


614                      117978E1442                       189918E1440                       116078E1442                       1E0


615                      725564E1444                       116705E1443                       713894E1444                       1E0


616                      446947E1447                       718319E1445                       439764E1447                       1E0


617                      275766E1450                       442844E1448                       271338E1450                       1E0


618                      170423E1453                       273456E1451                       167689E1453                       1E0


619                      105492E1456                       169132E1454                       103801E1456                       1E0


620                      654052E1458                       104777E1457                       643575E1458                       1E0


621                      406166E1461                       650145E1459                       399665E1461                       0E0


622                      252635E1464                       404065E1462                       248595E1464                       1E0


623                      157392E1467                       251530E1465                       154876E1467                       1E0


624                      982126E1469                       156829E1468                       966443E1469                       1E0


625                      613829E1472                       979398E1470                       604035E1472                       1E0


626                      384257E1475                       612614E1473                       378130E1475                       1E0


627                      240929E1478                       383802E1476                       237091E1478                       1E0


628                      151303E1481                       240836E1479                       148895E1481                       1E0


629                      951699E1483                       151365E1482                       936562E1483                       1E0


630                      599570E1486                       952845E1484                       590041E1486                       1E0


631                      378328E1489                       600769E1487                       372321E1489                       1E0


632                      239103E1492                       379385E1490                       235310E1492                       1E0


633                      151352E1495                       239961E1493                       148953E1495                       1E0


634                      959576E1497                       152015E1496                       944374E1497                       1E0


635                      609331E1500                       964538E1498                       599685E1500                       0E0


636                      387534E1503                       612964E1501                       381404E1503                       1E0


637                      246859E1506                       390151E1504                       242958E1506                       1E0


638                      157496E1509                       248721E1507                       155009E1509                       1E0


639                      100640E1512                       158808E1510                       990520E1511                       1E0


640                      644097E1514                       101558E1513                       633941E1514                       1E0


641                      412866E1517                       650480E1515                       406361E1517                       1E0


642                      265060E1520                       417282E1518                       260887E1520                       1E0


643                      170433E1523                       268104E1521                       167752E1523                       1E0


644                      109759E1526                       172525E1524                       108034E1526                       1E0


645                      707947E1528                       111192E1527                       696828E1528                       1E0


646                      457334E1531                       717746E1529                       450156E1531                       1E0


647                      295895E1534                       464023E1532                       291254E1534                       1E0


648                      191740E1537                       300455E1535                       188735E1537                       1E0


649                      124439E1540                       194845E1538                       122490E1540                       1E0


650                      808855E1542                       126551E1541                       796200E1542                       1E0


651                      526564E1545                       823219E1543                       518332E1545                       1E0


652                      343320E1548                       536327E1546                       337957E1548                       1E0


653                      224188E1551                       349953E1549                       220688E1551                       1E0


654                      146619E1554                       228694E1552                       144332E1554                       1E0


655                      960354E1556                       149680E1555                       945386E1556                       1E0


656                      629992E1559                       981156E1557                       620181E1559                       1E0


657                      413905E1562                       644129E1560                       407463E1562                       1E0


658                      272349E1565                       423515E1563                       268114E1565                       1E0


659                      179478E1568                       278884E1566                       176689E1568                       1E0


660                      118455E1571                       183924E1569                       116616E1571                       1E0


661                      782992E1573                       121482E1572                       770844E1573                       1E0


662                      518341E1576                       803603E1574                       510304E1576                       1E0


663                      343660E1579                       532387E1577                       338336E1579                       1E0


664                      228190E1582                       353239E1580                       224657E1582                       1E0


665                      151746E1585                       234727E1583                       149399E1585                       1E0


666                      101063E1588                       156211E1586                       995010E1587                       1E0


667                      674091E1590                       104114E1589                       663680E1590                       1E0


668                      450293E1593                       694965E1591                       443343E1593                       1E0


669                      301246E1596                       464584E1594                       296600E1596                       0E0


670                      201834E1599                       311039E1597                       198724E1599                       0E0


671                      135431E1602                       208551E1600                       133345E1602                       1E0


672                      910097E1604                       140042E1603                       896093E1604                       1E0


673                      612495E1607                       941785E1605                       603077E1607                       1E0


674                      412822E1610                       634292E1608                       406479E1610                       1E0


675                      278654E1613                       427830E1611                       274376E1613                       1E0


676                      188370E1616                       288999E1614                       185480E1616                       1E0


677                      127527E1619                       195507E1617                       125571E1619                       1E0


678                      864633E1621                       132456E1620                       851387E1621                       1E0


679                      587085E1624                       898718E1622                       578098E1624                       1E0


680                      399218E1627                       610678E1625                       393111E1627                       1E0


681                      271867E1630                       415566E1628                       267712E1630                       1E0


682                      185413E1633                       283208E1631                       182581E1633                       1E0


683                      126637E1636                       193290E1634                       124704E1636                       1E0


684                      866201E1638                       132113E1637                       852989E1638                       1E0


685                      593347E1641                       904318E1639                       584304E1641                       1E0


686                      407036E1644                       619910E1642                       400837E1644                       1E0


687                      279634E1647                       425568E1645                       275378E1647                       1E0


688                      192388E1650                       292578E1648                       189462E1650                       1E0


689                      132555E1653                       201440E1651                       130541E1653                       1E0


690                      914633E1655                       138892E1654                       900744E1655                       1E0


691                      632011E1658                       959055E1656                       622421E1658                       1E0


692                      437352E1661                       663186E1659                       430720E1661                       1E0


693                      303084E1664                       459256E1662                       298492E1664                       0E0


694                      210340E1667                       318494E1665                       207156E1667                       1E0


695                      146186E1670                       221194E1668                       143975E1670                       1E0


696                      101746E1673                       153840E1671                       100207E1673                       1E0


697                      709170E1675                       107150E1674                       698455E1675                       1E0


698                      495001E1678                       747371E1676                       487527E1678                       1E0


699                      346005E1681                       522039E1679                       340785E1681                       1E0


700                      242204E1684                       365166E1682                       238552E1684                       1E0

